8019	2	1.21543	4.56225	-3.68063	-1.62505	-4.89088	3.14945	-5.98848	0.813016
9226	2	-9.71982	-1.16171	3.74073	2.18411	-10.402	5.2945	-1.83876	3.05059
3855	4	-3.02907	-2.76677	5.01646	1.95252	-4.85034	5.66142	-1.11095	-1.92924	1.24369	-5.38182	0.924888	-3.93064	1.9953	1.13847	-5.40156	-3.66438
2030	2	-5.47076	3.4566	-2.57135	1.31967	-3.34548	-3.04124	3.34108	5.99969
3540	3	-5.5264	-0.999779	6.23357	-0.42589	-0.29583	-3.70333	3.93147	-5.89714	3.39524	-4.8449	0.385839	-5.38222
1943	4	-4.96259	-2.4324	2.33624	1.08139	0.972035	-2.42523	4.24886	-4.39075	-4.81987	2.62003	1.77915	-5.41046	-8.67321	2.64311	-4.0151	1.03336
1251	4	-5.08384	0.765156	-3.25781	0.399943	0.518292	-5.32195	2.16496	-6.44761	-6.06759	-4.77093	1.18868	1.6881	-6.06755	-3.80303	4.94758	-0.0832497
2818	1	3.47092	-4.85385	-4.40894	3.82655
4212	2	-7.6522	5.52628	0.79645	-1.35689	-7.63085	1.59469	-5.0568	4.88106
478	2	0.775019	-9.9242	3.03608	-6.52051	6.53374	-6.19822	-0.97916	-0.583051
7905	1	6.01255	-7.10396	-4.93931	-0.0306947
4323	3	-6.18529	-3.4485	4.94108	-0.413191	0.360321	-8.64546	-1.22324	5.39849	-11.4648	0.376326	0.746498	-3.22688
771	3	-4.48801	2.31589	1.42667	-4.76473	1.60497	-3.81991	4.23464	-6.36183	1.24559	2.1463	-1.75834	-5.34046
8273	2	-1.19059	-4.76555	-3.69724	7.73654	-4.24592	-2.72535	0.341748	2.66283
541	2	-2.63423	2.00667	-6.90864	-0.709333	-5.3352	-3.33878	5.18212	0.091036
1520	2	-6.97121	1.93703	-4.30523	1.0085	-7.53045	-2.3975	2.16796	1.18878
5316	3	-5.36176	6.1932	-4.1734	1.30705	-5.66073	2.09332	2.07431	-4.02897	0.275369	8.13978	-3.86645	-4.43412
7729	2	-4.32317	5.03404	-3.69111	0.442421	-0.385985	4.25464	-4.52349	-6.11982
62	2	1.64187	-1.33408	-2.44261	1.86603	-3.66979	1.72198	-3.02629	5.10676
9852	2	3.39847	0.355198	-1.51981	-4.78715	5.44696	-4.77488	3.21079	-5.37834
2988	1	-7.0473	6.89805	-4.71874	1.92493
259	1	1.32379	0.336687	-4.65005	-4.76834
2934	2	6.8281	-2.04821	-4.44762	-0.796942	1.14608	-8.4359	0.811857	-4.40741
6997	2	-1.28517	6.00739	-7.13506	-0.00559738	1.47768	1.22097	-6.97061	-6.02123
3309	2	0.17054	-3.73274	-5.11152	5.76507	0.936134	-4.45854	1.10403	-3.0029
3150	1	-9.23508	-6.67862	6.21537	1.91572
8572	1	-8.19784	2.58552	0.522478	-5.99042
4752	3	-0.386474	-3.08258	3.22034	-1.47046	3.36823	-3.85181	-8.10747	0.441082	-1.11274	4.85988	-2.48561	-2.11178
4565	1	-2.30477	-11.99	0.394642	1.15427
7695	2	0.545806	4.15555	-3.21208	-6.18791	0.140218	-0.848681	-7.59543	2.545
8529	3	0.855836	-5.45908	-4.83775	2.80141	2.52262	0.157726	-4.893	-4.7622	-3.46952	-0.235245	-8.97055	-0.332816
3612	1	-3.80768	-3.40559	4.99831	1.17795
9790	2	-5.02479	1.43322	-2.4809	3.22975	-5.89622	-4.62268	2.83314	1.69342
6429	3	-5.68147	-5.62935	5.77184	0.062381	-8.73527	0.96368	-1.27469	0.519182	-0.574281	-5.77635	6.73803	-3.93272
1244	1	-2.90026	-1.53203	2.38903	-8.82441
3231	2	-4.34375	0.573161	-3.52923	6.71692	0.878441	-3.40202	-6.4441	4.71754
9798	3	-1.5239	-4.41335	-1.73921	3.90837	-6.95359	-0.172425	5.47122	-1.63713	-9.8482	2.64853	0.638967	-4.67051
4557	3	-4.18264	1.1176	2.23444	-3.86723	-5.02312	1.06549	-4.33566	2.27687	-8.43555	-3.60101	0.870449	2.09546
6675	2	-7.94794	3.71653	-4.56213	5.1439	-5.14347	2.89157	1.35585	-1.33722
7116	3	1.47686	0.762567	-5.04418	-3.19038	-5.29956	-4.75041	1.69114	3.10598	-4.74592	1.7278	-3.50359	0.535365
533	1	-4.94852	1.98307	2.36172	-6.4753
4394	1	-3.12256	2.67995	2.97803	-7.00628
4618	2	-3.91635	4.04287	1.08192	-3.79578	0.418707	4.67047	-2.2145	-5.13968
6152	2	-7.1697	-6.33167	0.322316	2.94393	-9.17166	0.0967609	-2.93439	2.01383
4607	2	-3.8259	4.69212	-1.05782	2.08125	-0.726361	2.22205	4.88497	-3.93194
8145	2	0.833205	-4.3014	2.81953	-4.07262	2.86691	0.300065	-1.32352	-7.13961
754	1	-6.55215	2.80083	2.89563	-6.42228
6075	3	1.78612	4.03008	-6.05223	-2.25916	2.78015	-0.670782	-4.62296	2.89937	-3.61917	2.90633	-4.74345	2.09396
6435	3	-3.36124	-5.53676	4.25574	2.57134	-4.58343	-0.161282	8.2224	-3.97166	1.37163	-5.51345	3.39704	-2.8061
