6253	5	-2.82338	2.42391	-5.57888	0.420618	0.655022	-3.65424	-6.73251	4.31584	1.93031	0.997487	-5.73918	-5.16873	-5.04399	2.56262	0.500995	-4.68325	3.12036	-3.31675	-6.89827	0.488416
4685	1	-8.30438	-6.30247	4.61239	0.442311
1732	2	4.95818	0.3329	-4.42726	-3.20269	3.05119	-3.44097	2.03431	-6.23829
4743	4	4.25881	0.575404	-3.23792	-3.99733	0.872038	-5.44735	-2.41718	1.14736	-3.73655	1.0203	-5.51868	1.35928	-4.24461	7.00811	-0.141779	-4.18029
4522	2	1.27453	-3.7989	1.73138	-4.59243	-3.82603	0.995053	1.77544	-4.08361
6341	2	2.68529	-3.54998	2.41559	-6.83265	-2.47306	2.47523	1.79661	-6.51039
577	3	-4.04486	2.37833	3.90692	-2.62914	2.20745	-4.20035	3.28827	-2.6072	-4.15114	-3.57082	5.26526	2.80742
5203	1	-3.18476	-4.71247	0.332581	2.3211
6364	4	-5.23349	6.19535	-2.23708	-1.8892	0.949144	-2.89705	3.77474	-6.2084	-5.25597	6.54271	0.189588	-2.66077	-4.85772	0.642599	3.08378	-7.05398
440	2	-6.76737	3.17043	4.65432	-5.11085	-8.53115	-2.54818	2.84736	0.970826
2751	8	1.59269	-3.12014	-3.39624	1.72981	2.34366	-7.08526	-2.95339	0.997273	1.3079	-7.46653	1.47305	-5.06966	0.920026	-2.23835	-2.63179	1.88994	1.3039	-7.54045	-1.52184	0.757305	0.104433	-3.63428	-1.63175	1.04402	1.82938	-7.47224	-1.71577	0.789017	-2.77448	-7.18021	-0.103281	2.83489
7488	2	4.90372	0.799013	-7.43881	-3.84508	7.86727	-5.14696	-7.34392	1.85913
5273	1	-5.83286	3.53653	-5.5317	3.61388
5654	1	4.332	-2.38445	-7.61966	-2.9068
4000	2	-3.28741	2.0981	-7.09807	1.16993	1.09462	1.81177	-5.34553	-4.82519
6034	9	-2.96482	-0.980526	2.6227	-0.314804	-1.8389	-1.42563	3.24978	-0.720267	-2.41963	-1.13132	2.96488	-0.45219	-3.51835	-0.901039	2.23454	-0.233651	-1.05453	-2.31417	3.44417	-1.70788	-4.78521	-0.861309	1.10306	-0.151088	2.32124	2.30811	-5.93409	-1.62086	-3.7408	-0.892856	-0.277773	-0.131056	0.160958	-2.70734	1.82925	-3.53327
583	2	-0.870099	-0.151946	4.79804	-5.47258	-3.09043	-5.42434	4.61552	0.736861
9931	2	-5.20974	3.99307	-6.7671	4.13059	-0.0677454	-1.23929	-7.91291	6.79003
7052	2	3.55456	-6.34811	-7.28131	3.11846	-1.26293	-0.0953027	-7.99729	3.60885
8159	1	-3.66699	1.59321	0.634569	-3.58782
2250	2	0.906658	-4.23377	2.8852	-5.14689	3.24741	0.718677	-4.93208	-1.40988
4641	1	-4.14986	-8.08191	3.37997	2.70739
9486	1	2.50389	-4.90487	1.66788	-5.90499
4948	1	-7.02109	3.27109	-9.09619	1.23612
9921	3	-6.91165	3.73947	2.44699	-3.90978	-0.753037	6.92488	-1.80136	-4.6073	0.818802	-1.32406	0.537193	-3.6194
1964	1	-8.98305	1.29339	-6.88745	1.61818
8244	2	2.15709	-4.70334	-3.64991	1.03571	3.11888	1.89186	-4.87413	-4.67148
6591	1	4.92201	1.68407	-4.85082	-6.3698
8848	1	-5.59106	0.497284	4.11246	-4.66663
322	3	-4.74737	2.41858	-4.58674	4.82259	-4.91049	-2.62022	1.37967	3.99112	1.61122	1.39328	-5.80637	-1.28588
2679	2	1.13662	3.09844	-4.72167	-6.32689	-2.20485	5.57035	0.342001	-11.927
4626	1	2.97096	1.71489	-8.40809	-9.28128
4950	2	5.01528	-7.75778	1.20441	-4.48733	5.74702	-5.46335	-5.0715	0.519156
8329	2	-5.22389	-5.20346	0.602445	1.23748	-5.12385	4.05355	-3.56432	0.45337
3338	2	4.32923	-4.34836	-5.39983	1.67237	-2.18726	-6.01889	1.13417	1.26607
5590	2	2.89473	-7.0331	0.448747	-9.6289	0.446557	-7.3351	2.53593	-9.00427
252	2	0.187144	2.817	-4.68978	-6.16075	-5.01065	3.86378	1.12273	-7.84176
3974	1	-5.41358	-4.40584	6.09321	2.97388
6631	2	7.1361	-4.19072	-8.92364	2.04202	2.10798	1.16542	-9.45097	-2.8795
5548	2	-0.280388	-10.5602	-3.59114	1.72432	-3.79499	-5.96878	0.203713	1.3364
36	2	2.28283	3.10206	-2.86045	-6.68984	4.98921	-2.24338	3.16396	-6.58893
8363	1	-0.831843	6.85546	-1.37831	-8.5163
1514	2	1.0439	4.48313	-6.30691	-3.26696	-1.16454	0.500665	-9.40867	1.10627
9318	2	-7.47842	1.65078	3.55748	-6.04117	-6.59483	-2.25654	4.3296	0.106367
40	2	-4.17043	1.03288	1.49701	-9.17867	1.78389	-5.19666	1.63801	-9.19988
4820	1	-2.61867	0.888201	4.01172	-5.3276
3466	3	-6.96327	2.13554	0.520671	-2.30523	-4.24033	2.50649	-4.53767	0.917589	3.70824	-2.65943	-1.47576	0.118916
1761	2	-3.37601	-7.1075	2.80455	5.31629	1.11491	-6.30332	-2.98903	2.06273
2305	3	0.446183	-3.66688	-3.54365	3.24823	2.28412	1.40654	-3.6846	-2.0234	-3.87522	2.21602	-3.95014	0.772773
3724	2	-4.62356	0.180733	1.03186	-3.83789	0.314169	-3.73883	2.53384	-5.50784
8285	2	-2.05765	-0.817224	1.38634	-4.28429	0.515819	2.43501	-3.45548	-6.37072
4994	2	6.30489	-8.21812	0.605658	-3.09976	6.37661	-3.07989	0.605656	-7.75447
8128	1	1.27914	-5.57384	1.92738	-4.93717
3033	2	-6.0969	-3.75482	5.05068	0.22359	-4.9994	2.46909	3.45287	-4.46295
7939	1	3.62887	-5.08595	-7.30946	4.88747
3040	2	2.20237	-5.46801	-4.80749	3.82661	5.19833	-7.36121	0.550847	-1.29529
9656	3	1.98695	-7.17582	-3.42657	3.22585	3.06202	-0.707283	-2.88283	-1.91268	-3.35193	-8.43885	2.90316	1.85796
2546	1	4.04256	-3.10706	1.31541	-9.52602
2593	1	-2.75006	-5.15145	0.631942	0.650455
1189	1	-4.62151	3.71304	-2.23385	1.61326
7967	1	-4.65118	6.29987	7.36428	-5.40377
6078	3	1.26393	-7.21289	1.74159	-4.81763	1.52395	-5.14703	-4.58532	0.960593	-4.78296	-4.50029	1.10396	2.68455
108	3	3.86859	-4.70931	0.968424	-5.32662	-3.94273	-4.15817	4.62202	0.195613	-1.49852	1.86965	2.91266	-6.94411
1316	4	-1.12095	-3.69909	2.39317	-7.43297	1.0995	2.58523	-3.11757	-7.03636	-5.41768	-0.360112	1.85267	-1.08528	-5.42527	-0.280452	1.38403	-1.11018
8188	2	-2.91786	0.956229	-5.40006	4.9115	3.02385	-2.58066	-11.4438	1.0543
2754	2	-6.76961	-3.34335	0.915621	2.67617	-3.29137	0.401112	-3.03815	5.89923
9754	2	-5.01248	-6.64615	0.380155	5.15342	-8.3136	-0.241321	-5.75564	2.02366
6232	2	-6.06304	5.73252	0.275165	-4.65419	-6.08954	0.515626	-6.08618	2.66026
2877	2	2.73793	-2.23082	-5.12818	1.15704	-2.42457	3.9151	1.86337	-4.62596
5324	2	2.56545	-5.36434	-7.49463	3.38721	-3.58032	0.681345	-7.84254	0.471749
800	3	2.59302	1.45524	-3.91287	-2.95788	6.33486	-2.73721	-3.62834	0.868451	2.78056	-4.69437	1.73336	-5.59503
3571	3	0.148699	-7.36056	4.96824	-3.94048	1.93549	-5.89402	-5.40094	0.688874	-5.03135	0.626162	-5.878	1.38397
2895	2	-3.1112	-6.26794	0.754445	2.2553	2.06759	-9.00717	1.59742	-1.34099
2928	1	-8.57553	-9.21836	2.61811	3.37136
8179	2	0.749292	-2.34558	-5.91078	1.53047	-5.04358	1.448	-3.7034	1.86766
972	5	-1.56741	7.58381	-2.9667	-1.53073	-4.80699	2.30636	1.34847	-5.092	-6.20942	4.00884	-5.08621	0.332251	-0.0366788	-2.47168	-3.99564	4.36261	-0.259197	-7.7185	-0.0452688	3.82643
6688	2	7.83495	-3.50583	-0.0251575	-3.34256	3.30403	1.22304	-3.86337	-1.45183
8576	3	-3.81403	-0.0797645	2.69346	-2.07956	7.74182	-2.60723	-6.95196	2.79999	1.17707	-4.43112	0.119142	-3.72831
2021	3	-4.56424	0.813862	-4.3879	0.704143	-4.79993	-4.84641	1.43731	0.872735	-7.54906	0.454175	0.987801	-5.59286
9055	2	-3.01927	-6.89598	0.0801203	2.54157	-2.33681	5.19126	-5.02617	0.230884
5360	1	0.525926	-2.80008	-7.23279	4.85005
3858	1	1.12713	2.22289	-5.62867	-5.54587
5862	2	-10.5095	-1.44489	6.23943	-0.0661434	1.72403	0.586254	-1.1381	-8.93736
3146	3	-4.49221	1.62925	4.32584	-5.69781	2.34624	0.870208	-1.38233	-2.71318	0.331804	-4.12316	-4.30218	3.485
3306	2	-4.22896	5.3927	0.565019	-4.05707	1.78586	3.76079	-5.02296	-3.08555
3007	2	5.83306	-0.216225	-3.4283	-7.16028	0.186322	-6.41723	1.53158	-6.61214
9002	3	0.82201	-4.26972	-1.52352	1.12758	1.58467	-6.49891	1.39476	-2.35182	6.449	-0.309918	-3.51917	-2.54803
7771	3	-3.32777	0.445712	2.47853	-9.27216	-3.3274	6.40032	-1.49642	-3.156	2.74729	0.467608	-3.78015	-4.17387
7439	2	2.82458	-4.91216	-0.346023	-0.0668839	1.98794	-5.63413	4.85474	-5.92568
7943	2	3.54651	-4.56487	0.335531	-5.85906	7.29638	-0.0533695	-4.91151	-4.98687
9239	2	-2.76912	-4.32164	0.736841	4.39654	2.20758	-4.85293	-5.64105	2.91912
1057	2	-8.34528	2.71536	2.98718	-5.92839	-2.79106	7.04032	-2.68778	0.394222
3155	2	1.583	-7.75327	5.07163	-8.0521	7.60261	-2.44054	-0.842371	-8.05148
3788	2	3.12882	-5.479	-2.38841	1.36035	4.56328	-4.71981	3.48734	-4.52002
9190	3	1.07257	-7.1985	1.00399	-4.18719	2.9175	-6.74553	-3.38321	0.695764	2.20425	-0.788653	-1.64211	-5.02834
7826	2	1.8493	-3.58605	1.71484	-4.18773	-4.75506	-4.18422	2.2608	1.18327
7540	4	1.24148	0.327913	-1.85708	-4.24015	-3.19025	0.23626	-8.49894	1.08164	1.8089	-4.90157	-2.69189	1.82015	0.222317	-5.43923	3.97497	-3.87905
7232	1	0.974764	2.98717	-11.806	-7.24369
765	3	5.68355	-7.34424	-0.547118	-0.207944	5.77567	-1.044	-4.299	-3.32759	-0.489061	4.92794	-7.142	-1.46687
5020	1	1.62035	-4.78808	3.85438	-6.92571
4904	2	1.82855	0.799865	-4.85539	-2.11102	3.02261	-3.97207	-6.62752	0.946219
8094	2	-6.06217	-5.53823	3.6178	0.685694	-5.44583	0.288491	3.15074	-1.33662
6844	1	2.44687	-6.44537	-7.96159	1.91791
2166	3	1.26806	-4.56291	-4.81595	3.54487	-4.70023	-6.70292	1.2796	3.05509	1.92256	-6.06062	0.401899	-1.29134
1863	1	-5.88186	-3.36479	2.38142	3.8905
7851	1	-5.05061	5.32654	4.65393	-6.19995
9124	1	2.20664	-6.53466	2.78132	-7.39906
2341	1	-2.32085	-7.88908	3.92007	0.0919279
5528	2	-3.29498	6.44577	1.70085	-5.1473	3.05695	3.20365	-4.23478	-4.294
6744	2	-5.84785	1.60113	-3.87754	1.31639	0.154567	5.25939	-4.44921	-4.73887
4004	2	1.42876	-2.47844	0.933104	-7.3341	0.520064	1.92226	-5.13113	-6.76149
1124	1	1.11873	-5.22512	-7.63277	2.64429
8710	3	2.58536	-5.60842	1.26148	-5.08042	-2.98271	-4.23631	5.46173	0.0153107	1.82356	-3.09326	-5.0241	1.38006
4050	2	4.34139	-1.59921	-2.4073	1.88939	-0.446613	-0.247286	3.97117	-8.15119
7641	1	-6.90048	-4.20945	4.90947	3.53196
766	2	-5.43246	4.59274	2.24259	-5.39713	1.21109	1.51765	-3.86763	-5.47111
2345	2	4.16161	-5.06104	0.791563	-7.16702	0.930731	2.22707	-3.21406	-5.1326
4072	3	-6.01902	-2.99625	0.811362	1.81283	-5.62437	0.571822	-4.33527	0.872302	-1.40272	-1.48538	6.42496	-3.68446
7217	2	4.88053	-7.52329	2.55152	-3.78768	3.82349	-7.64856	-2.87002	0.710662
4217	3	-5.63238	-0.436937	-1.98422	6.24707	-7.71877	2.77884	0.878869	-5.3962	-5.52451	-1.82894	1.96844	0.709608
7953	1	5.1435	-5.84468	-2.34543	-0.548277
5971	1	1.68627	-3.73325	-5.85376	1.31045
3351	4	3.33114	-8.64212	0.254082	-2.79182	-2.6814	-5.81317	3.71801	0.461717	-1.60566	-2.32316	-3.78418	6.1819	-0.549619	-2.75897	-2.13064	0.666835
4696	1	3.4863	2.87206	-4.67455	-4.65755
3400	2	-3.12697	-2.03861	7.57913	-6.11643	1.54235	-5.9924	2.43823	-6.55846
4082	3	1.51287	-5.17307	1.13673	-2.77239	1.77768	-4.89062	-5.03769	2.76674	-4.54729	-4.56319	0.837241	1.34173
9150	3	-4.50131	1.79446	1.9416	-5.38504	-3.21574	-4.48213	2.71588	0.512844	-9.48923	1.49714	-3.26604	0.694981
1225	1	2.15163	-4.30401	4.94387	-11.8467
6293	1	-2.84605	-3.31461	0.348359	5.72902
3123	5	2.69934	-2.34607	1.17292	-4.0322	2.45461	0.333077	-3.8756	-4.34115	-3.43565	3.91539	1.54013	-5.71364	2.79275	-5.61354	-4.44277	1.47793	-1.50412	-1.4353	1.05802	0.604211
511	2	-6.92369	-3.32953	0.937246	1.23893	-5.89398	-0.0602062	4.32342	-3.4585
5795	1	-6.27473	-7.22644	2.89789	1.33449
8182	1	5.93179	-4.93803	-1.2111	-8.61203
97	2	-1.51023	-0.601031	-0.0728949	2.0622	0.709442	-2.9397	3.53635	-3.72736
6682	1	2.24676	-5.21445	5.33538	-3.74048
1513	3	-0.57242	-3.96618	6.64834	-1.37259	0.538005	3.02162	-2.31744	-1.87768	-5.76728	-0.085965	-4.34015	3.67632
8792	1	-9.76216	2.78713	-5.23565	0.601913
120	2	4.19531	-5.62071	0.742837	-5.67072	-0.68591	-10.0907	5.26975	0.855651
7792	2	-2.79941	0.705184	-0.593795	-0.413817	1.699	-1.8375	-6.60094	1.90625
6518	2	-8.15485	1.3866	-7.68783	1.2655	-7.65186	4.81879	-1.48521	-4.0048
34	1	-5.48595	-5.39258	2.79064	3.53302
7888	2	1.94871	-6.74651	-4.11434	3.97279	-4.49	-4.65013	1.70424	2.95274
6831	3	0.543769	-2.31252	4.76177	-3.62234	-3.96502	2.46599	0.847564	-4.75961	5.17024	0.457845	-7.92978	-1.70834
5422	1	0.827539	2.89628	-3.45351	-4.25787
1069	1	2.41001	4.85482	-4.97138	-9.41638
1348	2	4.89989	-6.27698	2.29382	-6.31368	6.7827	-0.194812	-4.09267	-7.59251
4748	1	4.75896	3.5919	-8.00437	-2.13932
6006	1	1.56873	-4.22851	-0.061263	-4.30935
6040	2	-7.9341	2.72259	-7.01508	1.85717	-7.48715	6.35175	-0.444632	-4.73801
3818	2	-3.16874	-3.9551	2.65767	4.6579	-3.46435	1.88385	-2.67812	1.42192
8447	2	-1.4371	3.54724	0.813294	-4.53448	-6.94878	0.820832	-1.72408	1.87968
5270	3	2.14404	-3.09727	-6.01747	3.02108	3.70558	-4.23108	-0.464845	-1.33909	-3.45262	1.53849	-3.77144	1.46038
6898	2	-4.49433	1.88018	1.68325	-6.218	2.53116	1.15997	-4.70852	-7.83026
5310	1	0.919298	1.90362	-5.05627	-3.43127
32	2	-7.87364	-4.33863	1.30561	2.076	-8.89936	1.98919	-5.30306	1.07173
5675	2	1.28717	-5.08732	5.56144	-4.32676	-5.17848	1.32532	3.95973	-5.64122
4387	3	-10.834	0.357637	3.12686	-1.21178	-5.59883	1.09656	-2.969	1.59311	-6.98544	-5.42455	2.74474	2.61452
30	2	-3.80291	6.08665	-0.129384	-9.77111	-10.1727	0.320021	-5.92228	5.57778
4203	1	2.4086	-6.64279	-7.99897	2.66768
7508	1	-8.6325	0.1791	5.80536	-3.54084
736	1	-3.64585	3.26713	-3.75372	3.93948
2068	1	-6.00809	7.36083	-3.63595	-0.925918
107	3	5.35971	2.33116	-3.35143	-5.53466	2.09726	-1.33792	-9.84652	0.692869	4.28651	-4.58966	2.69229	-3.58913
9645	1	0.243133	-3.79485	3.74246	-8.10599
8895	2	0.426837	-6.37639	-5.24697	5.75494	-4.93894	-4.23899	-0.0258299	0.723706
8021	1	-5.80932	2.11201	1.31426	-4.85385
2233	2	-4.39508	-4.1616	2.62422	3.20577	2.14768	-3.8772	2.99412	-2.24484
994	1	-4.6178	-4.44152	0.726385	3.41488
9413	1	3.4414	4.69475	-8.49019	-5.07666
7059	2	2.20689	-5.59926	0.700295	-2.51603	1.8982	-5.0893	-4.75809	1.90956
6790	1	3.736	-6.32475	-9.26675	1.31957
361	2	1.28774	-3.63984	-5.7475	-0.0212279	1.88794	0.530868	-9.70556	-3.22282
305	2	2.71165	-6.69132	2.40137	-4.05317	-1.87774	-13.0566	2.30666	1.35183
2628	2	7.54824	-6.83925	-2.25522	-1.17263	3.14669	-0.792548	-8.45934	-1.17778
8966	2	-5.05543	-5.53829	0.667207	0.222464	-5.05583	-3.67278	6.01814	-1.99002
4514	2	-6.54371	2.84712	2.3405	-9.2715	-0.511742	-2.74435	-0.724246	-2.27589
5911	3	3.04558	-0.240308	-7.87607	-2.34554	-7.59377	-4.00724	0.834648	2.92449	-2.58021	1.12939	-5.92323	1.14111
8314	3	1.19752	-0.0456748	-0.697033	-7.21698	-2.14906	-5.85861	1.71923	1.09024	4.56162	-3.56659	0.279687	-4.5821
3101	3	-2.30035	1.59585	1.48258	-5.43441	-4.66294	-2.22641	6.38226	-1.15532	1.58125	-8.22986	-1.76011	0.480706
5704	1	5.67679	-0.864753	-8.97545	-0.932524
3899	4	-6.14438	2.78447	0.462268	-5.64773	-0.994364	-2.26454	3.49313	-0.844228	-1.27725	-2.54027	-2.11122	5.31864	-1.40836	-0.606937	3.70397	-1.09691
5441	1	-5.33362	0.923746	0.700526	-7.58204
7931	1	-8.14475	-7.25789	4.17521	-0.577434
622	2	0.537366	-4.72531	-7.01721	1.80772	-8.49575	-1.2355	-0.451803	2.872
7236	2	-4.00941	0.836741	-7.33432	2.5677	2.55489	-3.36054	-6.32324	2.12492
2499	1	-3.80247	2.22748	-6.28068	5.08534
714	1	-5.71556	3.93068	-4.44338	4.14595
2856	2	-4.76431	-3.92305	1.437	2.99174	1.9229	-9.70437	-1.83997	1.55081
4270	1	-2.97075	5.72732	0.38158	-2.69059
2909	2	-6.15114	1.81092	2.31145	-5.13621	-0.712314	-3.13091	7.46919	-0.314465
8081	4	-1.4487	-1.94308	-6.46652	1.37239	-1.75825	-1.58	-6.43351	1.90698	-6.38672	-6.49749	0.190285	4.04743	3.52431	-3.69999	-1.229	-2.30817
4517	2	-9.35633	-3.28412	2.21737	0.837368	-8.11719	2.93978	5.40861	-5.76503
1262	3	0.614263	-5.98023	3.79756	-2.55568	5.68249	-6.05208	0.109583	-2.74371	-5.44748	-3.2546	2.50417	1.13756
3161	3	2.27018	-5.2792	-3.89987	2.04483	-2.95155	-5.78207	1.15403	2.7871	2.40972	-4.13642	2.24746	-4.03342
971	1	-0.834049	-9.56803	0.217774	4.75508
3913	3	1.01146	2.91621	-3.92367	-5.2687	-4.52692	0.512199	-2.67983	1.99227	1.80202	-3.32601	-2.82399	1.14244
5199	1	3.03804	-6.77631	2.0285	-5.64806
8847	1	-4.08778	-2.50468	0.819537	2.11184
260	1	4.17085	-6.57546	1.29668	-8.12654
3791	6	1.62554	-1.15597	1.93362	-5.01857	1.00144	-0.978356	1.58619	-2.93797	-4.63276	2.06619	-4.07803	0.511474	-0.209069	-1.32863	-0.175269	1.80102	1.66121	-1.27749	-4.5566	-0.25119	0.948129	-2.57377	-2.70888	2.75746
9203	1	3.24524	-4.60009	-4.53454	3.45719
488	2	0.711183	1.91863	-4.61188	-6.27515	-4.51294	5.84278	-3.57328	-0.786131
7908	1	-0.207186	-3.77844	2.01694	-0.457689
519	2	0.509517	-8.87494	3.38711	-6.14692	5.93527	-3.60153	-2.77778	0.358381
8343	4	6.02391	-6.77784	-2.18543	-0.803523	0.736324	0.131946	-6.74228	-5.68154	-5.14479	-0.915797	-1.84103	3.90708	-3.95095	-1.27826	3.87347	-3.43623
312	1	-5.18765	2.59226	-5.52086	1.27606
3232	2	0.798313	5.13268	-9.49866	-4.09633	-5.12829	2.55475	-9.38435	0.862312
7933	1	-7.15573	1.95435	-4.72604	1.91834
7458	1	-10.6678	3.37655	-6.99498	3.53805
9784	1	3.57459	-7.67069	2.36875	-5.26639
5184	1	6.03156	-0.450718	-7.73109	-1.99724
8077	3	1.48021	2.1582	-4.77609	-3.06316	-5.00249	5.51247	1.06908	-2.90021	0.956991	-0.819396	1.14718	-8.75748
6502	2	6.46733	-2.72757	1.86321	-6.31313	1.94714	1.41256	-2.95052	-11.5644
6791	2	-5.11972	1.53006	-5.41848	2.56174	0.686079	-4.56041	-1.43544	1.77907
7773	2	2.87836	-3.93847	-6.3118	1.63784	1.46806	2.61007	-4.08185	-4.24256
2738	1	1.90057	-3.46225	2.15313	-4.89236
7842	2	-4.4032	-5.55344	1.64703	2.24315	1.72503	-4.55514	-4.33582	4.43104
6262	2	-2.23892	2.79945	-2.65226	1.55194	-5.14964	-3.17855	2.5825	3.13722
8206	2	-6.33989	2.61395	3.68668	-4.37846	-7.16531	6.87441	-1.91564	2.16762
1248	4	-2.91183	1.53709	-6.03714	0.517516	1.96042	1.82486	-6.48542	-6.01334	0.345955	-7.38608	-2.54675	5.55754	-5.36577	-1.45273	-0.455946	3.87237
9336	1	1.45514	1.90936	-7.26841	-7.51088
4195	1	0.749846	3.99146	-5.55424	-5.72582
8001	1	2.09951	5.49286	-2.80988	-3.12947
7378	2	-2.08614	2.5424	-5.35024	1.90751	-3.70084	3.07005	0.696278	-4.29909
3435	3	-3.1805	-7.45553	2.85667	1.16729	0.382454	-6.10381	-2.29214	3.06398	2.93318	-5.00542	0.881721	-2.8524
5382	2	-0.707992	-6.52668	-2.33189	8.41241	-6.90725	0.0439654	-1.95851	5.12687
959	1	4.23363	4.78903	-6.29761	-7.27273
417	2	-6.12199	4.05169	0.138671	-5.41238	-8.62417	-1.41159	0.805103	0.772937
5742	3	1.93652	-8.09052	-5.01042	0.249027	4.30207	-10.4502	-1.60428	-3.22356	-3.79282	-7.15827	1.58349	0.395605
6728	1	-6.76329	1.2987	-7.50099	2.2805
4382	2	-5.17203	0.871778	-4.06617	3.53474	0.373806	-4.78224	-5.96723	2.31406
5197	3	-6.34604	2.41873	-4.22731	2.04984	0.0397501	2.88526	-3.80087	-3.08966	0.126928	-2.78827	-10.0773	2.86341
1113	2	-3.37045	2.10167	-1.6805	-1.39022	-0.847026	-3.82956	4.94392	-2.58385
2689	1	1.15633	2.81878	-5.38228	-6.46797
6473	2	2.24364	0.70992	-6.20532	-4.51423	4.71311	-4.4535	-5.00001	0.293168
8820	3	1.84077	-3.69552	-6.28416	1.36447	1.84928	0.883246	-5.38826	-5.16868	-4.07215	1.49701	-6.95841	0.719769
7808	2	0.0702579	5.12218	-12.5636	-1.33485	-3.74424	0.664219	-6.4371	2.36055
3411	2	2.1085	1.29524	-4.77939	-5.19982	-2.10267	0.430317	0.583252	-5.79168
81	1	6.99459	-3.96872	0.239783	-6.81584
4614	1	-0.507499	-10.659	-0.61403	6.5225
1510	3	-4.68536	-4.65201	2.96151	2.48656	-2.84862	0.730797	-0.961306	2.55996	0.542131	-5.61869	-0.452582	4.65534
6443	3	-4.64431	0.134646	2.60835	-3.21814	-1.5351	-5.17405	2.10906	1.3952	1.4717	-4.23873	1.38694	-2.54802
3016	1	-6.84722	1.35102	1.45987	-4.96539
4823	1	-6.03757	3.3909	-4.75498	3.14558
7822	3	1.93062	-3.28218	-5.50567	2.23974	1.59136	2.0442	-5.27522	-4.23376	-4.70923	1.40781	-5.56585	1.47464
93	1	6.43169	-4.55286	-6.82037	0.307454
9421	1	-6.28764	-4.54865	2.67613	1.5931
6600	1	3.90979	1.96749	-6.71594	-3.9596
4443	2	1.75071	-5.15837	1.26508	-7.66101	-3.56159	1.29605	0.603822	-3.95126
7602	2	-4.11948	-7.36381	3.19655	0.755258	0.733317	-4.85072	3.60163	-2.93517
3835	1	5.26962	3.64006	-4.23897	-4.38712
9702	3	-2.6234	-9.68042	3.30791	-0.12763	0.12715	-7.897	2.10122	-4.68011	0.116016	-10.7128	0.564809	-1.34338
4322	1	-10.8626	0.120388	-1.77095	4.06603
3394	3	0.683973	-5.28647	1.49283	-4.57503	-4.42471	-4.7328	3.71611	0.830192	2.07666	-3.92328	-2.88787	1.37549
4752	2	3.36823	-3.85181	-8.10747	0.441082	-1.11274	4.85988	-2.48561	-2.11178
7229	3	-0.0678876	5.33727	-2.69781	-10.1283	-5.00608	1.87626	1.71188	-4.34553	-7.44641	-4.12551	2.50161	0.699184
9191	3	3.82406	-3.24478	1.69256	-6.03068	-1.85971	3.18211	1.52811	-6.57472	5.23552	0.357131	-4.09498	-7.80215
2361	3	1.37097	-5.22601	3.85614	-3.11573	1.85286	-0.974401	-3.37452	1.72145	-3.81919	-1.33952	1.61372	1.69075
5666	2	4.12932	-1.58662	-6.16928	3.92374	6.18351	-6.08653	0.35176	-1.53876
8075	2	-7.30053	-5.71436	1.90666	4.19863	-6.89909	0.497397	4.50913	-1.90907
4943	2	-7.42025	5.76533	-3.05077	3.19227	-7.13861	5.58429	1.19269	-2.96314
3663	3	0.514829	-3.33142	-4.50607	4.95623	3.34887	1.62362	-10.05	-4.36369	-2.61856	-3.47418	0.487176	3.94979
1563	3	-4.54046	-5.23455	2.11539	2.91206	-9.89377	1.03602	-1.49059	3.30598	0.633211	-4.28589	5.37268	-3.08756
4113	1	-3.41411	-4.62549	1.39454	1.17136
9050	1	3.66574	-6.09533	0.195364	-4.85152
9276	1	0.648932	-6.33163	4.20709	-2.54022
8538	2	-3.68856	-3.54067	2.2146	2.3963	-2.6924	2.73105	2.49658	-4.07832
795	2	8.55236	-3.38075	1.56651	-6.25515	5.7455	2.15731	-1.88848	-7.5563
5854	3	0.832983	-4.08477	-3.1729	1.66822	-5.68026	1.9211	-3.34891	3.05263	4.08116	-0.410943	-1.27533	-8.62463
7619	1	-3.17086	-5.51253	6.93972	5.99082
1594	2	-4.9721	3.56798	-5.0052	1.84841	-0.467775	7.90317	-3.20279	-2.11487
7418	3	-3.70408	-4.88969	0.248808	3.17551	-4.59116	0.0652311	5.92459	-2.33461	1.01517	-7.80149	-5.32577	2.02616
5267	2	-5.65091	-3.07722	2.55055	1.62923	0.581893	-4.99005	2.80618	-3.12892
7147	1	-0.392836	7.08782	-8.81511	-5.376
89	2	-5.61041	-4.92808	2.11055	3.04842	-5.285	1.66557	-2.85293	1.33352
8695	1	1.01514	-2.75244	4.26665	-3.2125
9732	3	0.735961	-5.26752	-4.33206	1.27536	-4.8092	2.48303	0.086034	-4.50365	0.200318	4.18918	-2.18706	-3.67507
9446	3	-5.83185	1.09495	2.18526	-4.62446	0.748645	0.973155	-2.84276	-3.3281	-1.77439	-11.2955	-0.102425	5.09097
6754	1	3.3182	-2.92981	-8.14087	1.91381
3502	1	2.43503	-4.66686	-5.8776	3.21765
2803	1	-7.24182	1.62927	-5.81688	3.87421
4424	3	2.70627	-5.66935	0.935297	-5.53281	1.76839	0.947627	-4.87194	-4.74508	-2.646	-2.53632	6.93549	-0.173868
5663	2	0.117626	-4.10039	-7.13254	6.38588	3.06874	2.05279	-7.5746	-3.2091
7170	1	-4.99238	0.746811	-5.22641	1.47857
8337	2	7.47151	-3.14308	-0.149407	-5.37362	5.47599	-2.85303	-4.85729	0.217468
2148	2	0.388009	-5.01864	-3.33434	2.53572	-6.25457	1.57901	-2.66846	2.22438
7969	3	-2.65995	-6.72166	3.15618	0.776183	2.87	-6.86846	1.9325	-5.07548	1.17891	-7.11543	-2.9681	1.60766
6551	2	-0.391893	1.01731	1.65667	-11.1119	2.93371	4.5983	-4.89358	-6.60674
7643	1	-5.03762	0.443515	-6.08822	3.19958
6164	2	-4.31307	2.66596	2.50628	-5.64754	2.30544	-3.31559	1.07446	-4.94586
1495	2	-3.11003	-5.70082	3.06255	2.80378	-3.3933	0.857068	3.5578	-2.7789
7696	1	-8.49084	-7.10978	1.14865	1.89307
